Thru_RecPck = 1.058823529412
Thru_T2 = 0.352941176471
